$ 1 0.000005 0.6798259793203881 51 5 43
v -608 128 -608 96 0 0 40 5 0 0 0.5
g -608 128 -608 144 0
r -576 -80 -480 -80 0 2000
r -576 96 -480 96 0 1000
r -576 272 -480 272 0 500
w -608 96 -576 96 0
w -576 -80 -576 96 0
r -480 -80 -480 -48 0 1000
r -480 96 -480 128 0 1000
r -480 272 -480 304 0 1000
g -480 304 -480 320 0
g -480 128 -480 144 0
g -480 -48 -480 -32 0
w -480 -80 -432 -80 0
p -432 -80 -432 -144 1 0
a -432 -64 -352 -64 9 15 0 1000000 1.666650000166665 1.6666666666666667 100000
v -608 -160 -608 -224 0 1 10 2.5 1 0 0.5
g -608 -160 -608 -128 0
w -608 -224 -608 -256 0
w -576 96 -576 272 0
w -432 -48 -432 -16 0
w -432 -16 -352 -16 0
w -352 -16 -352 -64 0
w -352 -64 -320 -64 0
w -352 112 -288 112 0
w -352 160 -352 112 0
w -432 160 -352 160 0
w -432 128 -432 160 0
a -432 112 -352 112 9 15 0 1000000 2.4999750002499974 2.5 100000
p -432 96 -432 32 1 0
w -480 96 -432 96 0
w -352 288 -304 288 0
w -352 336 -352 288 0
w -432 336 -352 336 0
w -432 304 -432 336 0
a -432 288 -352 288 9 15 0 1000000 3.33330000033333 3.3333333333333335 100000
p -432 272 -432 208 1 0
w -480 272 -432 272 0
p -352 -64 -352 -128 1 0
p -352 112 -352 48 1 0
p -352 288 -352 224 1 0
r 896 -112 864 -112 0 100
r 896 32 864 32 0 100
r 896 176 864 176 0 100
w 944 176 944 32 0
w 944 -112 944 32 0
g 944 176 944 240 0
162 896 176 944 176 2 default-led 1 0 0 0.01
162 896 32 944 32 2 default-led 1 0 0 0.01
162 896 -112 944 -112 2 default-led 1 0 0 0.01
r -272 -128 -272 -64 0 1000
w -320 -64 -272 -64 0
w -288 112 -256 112 0
w -304 288 -240 288 0
r -256 16 -256 80 0 1000
r -240 192 -240 256 0 1000
r -272 -192 -272 -128 0 1000
r -256 -48 -256 16 0 1000
r -240 128 -240 192 0 1000
370 -608 -256 -528 -256 1 0
p -608 -256 -672 -256 1 0
w -256 16 -160 16 0
p -160 16 -160 -16 1 0
p -160 -128 -160 -160 1 0
w -272 -128 -160 -128 0
p -160 192 -160 160 1 0
w -240 192 -160 192 0
w -256 -48 -256 -64 0
w -256 -64 -272 -64 0
w -256 112 -256 80 0
w -240 288 -240 256 0
w -256 112 -240 112 0
w -240 112 -240 128 0
w -272 -192 -304 -192 0
w -304 -192 -304 288 0
x -549 -121 -520 -118 4 24 V1
x -549 55 -520 58 4 24 V2
x -549 215 -520 218 4 24 V3
x -232 -160 -190 -157 4 24 V13
x -229 -21 -187 -18 4 24 V12
x -224 133 -182 136 4 24 V23
401 -96 -144 0 -144 0 8_15_-15_1000000_-0.957834350422659_2.4999750002499983_100000 0_20_10000000000 0
w -112 -128 -160 -128 0
w -96 -128 -96 -256 0
w -96 -256 -528 -256 0
g -48 -208 -80 -208 0
r 0 -208 0 -144 0 1000
v -48 -208 0 -208 0 0 40 5 0 0 0.5
v -48 -64 0 -64 0 0 40 5 0 0 0.5
r 0 -64 0 0 0 1000
g -48 -64 -80 -64 0
401 -96 0 0 0 0 8_15_-15_1000000_-0.957834350422659_2.0833125002083315_100000 0_20_10000000000 0
v -48 112 0 112 0 0 40 5 0 0 0.5
r 0 112 0 176 0 1000
g -48 112 -80 112 0
401 -96 176 0 176 0 8_15_-15_1000000_-0.957834350422659_2.9166375002916647_100000 0_20_10000000000 0
w -112 16 -160 16 0
w -112 192 -160 192 0
w -96 192 -96 16 0
w -96 16 -96 -128 0
401 192 176 288 176 0 8_15_-15_1000000_3.33330000033333_2.4999750002499974_100000 0_20_10000000000 0
g 240 112 208 112 0
r 288 112 288 176 0 1000
v 240 112 288 112 0 0 40 5 0 0 0.5
401 192 0 288 0 0 8_15_-15_1000000_2.4999750002499974_1.666650000166665_100000 0_20_10000000000 0
g 240 -64 208 -64 0
r 288 -64 288 0 0 1000
v 240 -64 288 -64 0 0 40 5 0 0 0.5
v 240 -208 288 -208 0 0 40 5 0 0 0.5
r 288 -208 288 -144 0 1000
g 240 -208 208 -208 0
401 192 -144 288 -144 0 8_15_-15_1000000_3.33330000033333_1.666650000166665_100000 0_20_10000000000 0
w -272 -192 -272 -320 0
w -320 -64 -320 -352 0
w -288 -336 -288 112 0
w -320 -352 160 -352 0
w 160 -352 160 -160 0
w -288 -336 144 -336 0
w 144 -336 144 16 0
w 144 16 192 16 0
w -272 -320 128 -320 0
w 128 -128 128 192 0
w 128 192 192 192 0
w 144 16 144 160 0
w 144 160 192 160 0
x 172 -331 201 -328 4 24 V1
x 81 -294 110 -291 4 24 V3
w 160 -160 160 -16 0
w 160 -16 192 -16 0
w 192 -160 160 -160 0
w 192 -128 128 -128 0
w 128 -128 128 -320 0
x 199 -238 298 -235 4 24 V3\s>\sV1?
x 190 58 289 61 4 24 V2\s>\sV1?
x 177 229 276 232 4 24 V3\s>\sV2?
w -112 -128 -112 -160 0
w -112 -160 -96 -160 0
w -112 16 -112 -16 0
w -112 -16 -96 -16 0
w -112 192 -112 160 0
w -112 160 -96 160 0
x -88 89 23 92 4 24 Vs\s>\sV23?
x -81 -77 30 -74 4 24 Vs\s>\sV12?
x -81 -244 30 -241 4 24 Vs\s>\sV13?
w 0 -144 0 -112 0
w 0 -112 368 -112 0
w 0 0 0 64 0
w 0 64 368 64 0
w 0 176 0 240 0
w 0 240 368 240 0
w 288 176 288 208 0
w 288 208 368 208 0
w 288 0 288 32 0
w 288 32 368 32 0
w 288 -144 368 -144 0
x 368 -180 456 -177 4 24 D1\s<\sD3
x 377 2 465 5 4 24 D1\s<\sD2
x 378 176 466 179 4 24 D2\s<\sD3
x 257 -314 435 -311 4 24 Dn\s\q\sabs(Vs-Vn)
x 875 215 904 218 4 24 V3
x 875 -9 904 -6 4 24 V2
x 875 -153 904 -150 4 24 V1
154 368 224 480 224 0 2 5 5
154 368 48 480 48 0 2 5 5
154 368 -128 480 -128 0 2 5 5
150 480 -48 592 -48 0 2 5 5
w 480 -32 480 48 0
w 480 -64 480 -128 0
w 592 -48 592 -112 0
w 592 -112 864 -112 0
w 864 32 832 32 0
w 816 176 816 128 0
w 816 176 864 176 0
153 480 128 576 128 0 2 0 5
w 480 64 480 112 0
w 480 144 480 224 0
153 592 32 688 32 0 2 0 5
w 592 -48 592 16 0
w 576 128 592 128 0
w 592 128 592 48 0
w 688 32 832 32 0
w 592 128 816 128 0
x 544 -315 716 -312 4 24 Vij\s\q\s1/2(Vi\s\p\sVj)
w 480 64 496 64 0
w 496 64 496 -128 0
w 496 -128 480 -128 0
